# This file may be used to create an environment using:
# $ conda create --name <env> --file <this file>
# platform: win-64
asn1crypto==1.2.0==py37_0
blas=1.0=mkl
boto=2.49.0=py37_0
boto3=1.10.39=py_0
botocore=1.13.39=py_0
bz2file=0.98=py37_1
ca-certificates=2019.11.27=0
certifi=2019.11.28=py37_0
cffi=1.13.2=py37h7a1dbc1_0
chardet=3.0.4=py37_1003
cryptography=2.8=py37h7a1dbc1_0
dawg-python=0.7.2=pypi_0
docopt=0.6.2=pypi_0
docutils=0.15.2=py37_0
gensim=3.8.0=py37hf9181ef_0
icc_rt=2019.0.0=h0cc432a_1
idna=2.8=py37_0
intel-openmp=2019.4=245
jmespath=0.9.4=py_0
mkl=2019.4=245
mkl-service=2.3.0=py37hb782905_0
mkl_fft=1.0.15=py37h14836fe_0
mkl_random=1.1.0=py37h675688f_0
numpy=1.17.4=py37h4320e6b_0
numpy-base=1.17.4=py37hc3f5095_0
openssl=1.1.1d=he774522_3
pip=19.3.1=py37_0
pycparser=2.19=py37_0
pymorphy2=0.8=pypi_0
pymorphy2-dicts=2.4.393442.3710985=pypi_0
pyopenssl=19.1.0=py37_0
pysocks=1.7.1=py37_0
python=3.7.5=h8c8aaf0_0
python-dateutil=2.8.0=py37_0
requests=2.22.0=py37_1
s3transfer=0.2.1=py37_0
scipy=1.3.2=py37h29ff71c_0
setuptools=42.0.2=py37_0
six=1.13.0=py37_0
smart_open=1.9.0=py_0
sqlite=3.30.1=he774522_0
urllib3=1.25.7=py37_0
vc=14.1=h0510ff6_4
virtualenv=16.7.5=py_0
vs2015_runtime=14.16.27012=hf0eaf9b_1
wheel=0.33.6=py37_0
win_inet_pton=1.1.0=py37_0
wincertstore=0.2=py37_0
